0
0
0
0
0
0
0
0
0
0
0
0
0
0
0
0
0
0
0
0
0
0
0
0
0
0
0
0
0
0
0
0
0
0
0
0
0
0
0
0
0
0
0
0
0
0
0
0
0
0
0
0
0
0
0
0
0
0
0
0
0
0
0
0
0
0
0
0
0
0
0
0
0
0
0
0
0
0
0
1
0
0
0
0
0
0
0
0
0
0
0
0
0
0
0
0
0
0
0
0
0
0
0
0
0
0
0
0
0
0
0
0
0
0
0
0
0
0
0
0
0
0
0
0
0
0
0
0
0
0
0
0
0
0
0
0
0
0
0
0
0
0
0
0
0
0
0
0
0
0
0
0
0
0
0
0
0
0
262
15769
14685
-7951
5473
27791
23599
-12386
-8492
29767
25212
-18805
-3648
17928
14547
19951
11994
2354
31540
-2815
11100
-25109
19455
7646
25095
-20479
7424
15388
-22692
-19609
-7770
27979
32450
6434
14510
7077
14708
26764
-9528
-13167
15221
-20952
771
9682
24022
-8557
-27383
-2693
10526
24886
31870
-19966
-29290
-3140
8181
30989
-11575
31885
-13981
3282
-19840
12218
-27393
-20189
-2303
-24799
-12563
4739
32612
-5191
-22734
-27939
16439
21320
-13636
28852
-20012
-15625
-16493
16105
8473
-4995
-9875
3186
-32164
-26389
15163
27799
-17951
-26316
-24206
18841
-14303
-15860
-24542
3275
-5224
-10812
-26857
12430
-27386
7199
-8799
-15944
-441
-21146
-28997
-20665
20275
8993
-4698
2171
32548
30278
-28097
29356
-29411
20418
27546
12670
15276
-2647
11945
5445
14587
19575
-2561
-31560
32440
6440
-20744
-24503
-16203
-12774
28611
11967
-2944
-19974
-1742
-25615
22335
7463
30271
-11350
-9579
-8357
672
11307
-29588
-25471
-24334
-6966
24782
5373
4160
-2404
-16324
-9511
24559
5689
24618
-5481
14443
-12553
13966
-1123
-29189
-28359
-13148
8572
-9550
26279
-12201
-31615
2913
-16278
-30979
-29356
747
31949
-20670
-9060
-2436
-11568
29563
-13091
-5008
19350
18629
2582
22257
21174
-1386
-57
6811
12255
-21071
31598
20644
27990
22691
-6496
-17556
-14287
2864
-5810
13143
-14234
24936
6616
18793
2063
-21962
-25091
-1020
621
-25427
17621
-24143
-870
-3478
-20648
7404
15087
-8003
-28130
833
16263
13698
-1942
-24239
16239
-12329
-19047
-21394
21865
18448
